6820190702224250585,72751551,32,358500,500,2019-07-02 22:47:35,544466,0
8420190702103242751,72710009,32,263500,500,2019-07-02 10:34:40,548300,0
6320190702110059091,72711065,32,4950,50,2019-07-02 11:02:25,552053,0
3320190702174330726,72743622,32,1405152,500,2019-07-02 17:45:10,549284,0
6320190702210358137,72750404,32,478000,500,2019-07-02 21:05:20,550235,0
0820190702083048696,72697794,32,508000,500,2019-07-02 08:32:05,545709,0
5320190702193846591,72749407,32,7242,73,2019-07-02 19:40:10,546635,0
0120190702215717668,72750916,32,490000,500,2019-07-02 21:58:50,547556,0
1920190702093629258,72702344,32,281000,500,2019-07-02 09:37:45,549470,0
1420190702142145890,72729782,32,800000,500,2019-07-02 14:27:15,550496,0
1820190702141738862,72729153,32,500000,500,2019-07-02 14:18:50,551442,0
5720190702153152422,72735154,32,27275,276,2019-07-02 15:33:10,551493,0
8820190702202646763,72749998,32,199000,500,2019-07-02 20:28:35,552489,0
0720190702171813097,72742113,32,114810,500,2019-07-02 17:19:40,543204,0
6420190702160625485,72737350,32,402000,500,2019-07-02 16:07:45,546984,0
8620190702065217974,72696648,32,1716977,500,2019-07-02 06:53:40,548943,0
4520190702191326702,72748803,32,306167,500,2019-07-02 19:20:45,548955,0
1420190702092620163,72701819,32,5999400,600,2019-07-02 09:29:50,739025,0
9820190702144035888,72730869,32,5499450,550,2019-07-02 14:42:35,737255,0
7620190702174225322,72743923,32,4999500,500,2019-07-02 17:51:05,739101,0
3320190702101500667,72707182,32,4999500,500,2019-07-02 10:17:30,739043,0
6420190702111241104,72711340,32,75181,500,2019-07-02 11:14:15,545877,0
9620190702163401895,72739007,32,356500,500,2019-07-02 16:35:35,548745,0
3820190702145318432,72731885,32,327484,500,2019-07-02 14:54:50,548800,0
2920190702105329349,72710861,32,46332,468,2019-07-02 10:55:10,547943,0
9420190702144830973,72731667,32,199500,500,2019-07-02 14:52:05,688586,0
5320190702175214251,72744110,32,2999500,500,2019-07-02 17:54:35,737662,0
