32190703170004822857,72776746,259020,8,689720,150901,37954,0,0
32190703170004822857,72776746,259020,8,551480,45270,11386,0,0
32190703170004822857,72776746,259020,8,549974,37725,9488,0,0
32190703170004822857,72776746,259020,8,550235,21881,5503,0,0
32190703170004822857,72776746,259020,8,549446,21881,5503,0,0
32190703170004822857,72776746,259020,8,550814,3773,949,0,0
32190703170004822857,72776746,259020,8,548290,755,190,0,0
32190703170004822857,72776746,259020,8,550074,377,95,0,0
32190703170004822857,72776746,259020,8,546335,377,95,0,0
32190703170005116224,72776747,259022,8,549125,188626,47442,0,0
32190703170005116224,72776747,259022,8,549446,57720,14517,0,0
32190703170005116224,72776747,259022,8,546362,11318,2847,0,0
32190703170005116224,72776747,259022,8,550074,4527,1139,0,0
32190703170005116224,72776747,259022,8,679082,1132,285,0,0
32190703170005116224,72776747,259022,8,549446,754,189,0,0
32190703170005328912,72776749,259047,8,548367,52152,8598,0,0
32190703170005328912,72776749,259047,8,552378,43808,7222,0,0
32190703170005328912,72776749,259047,8,546711,26076,4299,0,0
32190703170005328912,72776749,259047,8,545990,9909,1634,0,0
32190703170005328912,72776749,259047,8,549231,8866,1462,0,0
32190703170005328912,72776749,259047,8,545944,6258,1032,0,0
32190703170005328912,72776749,259047,8,616270,5215,860,0,0
32190703170005328912,72776749,259047,8,550057,3129,516,0,0
32190703170005328912,72776749,259047,8,548290,1043,171,0,0
32190703170005634149,72776750,273456,8,552289,203045,42000,0,0
